#FORMAT=WebAnno TSV 3.3
#T_SP=webanno.custom.Argument|Accuracy|Adequacy|Clarity|KriteriumJahresertragEnergiedichte|KriteriumLebensdauerVerfgbarkeit|KriteriumLokaleEmissionenGeruschemissionen|KriteriumPreisBetrieb|KriteriumSonstiges|KriteriumTreibhausgasemissionen|KriteriumWirkungsgrad|OptionA|OptionB|OptionC
#T_SP=webanno.custom.DecisionMakingStrategies|Decision|Gesamtthese
#T_SP=webanno.custom.Struktur|Struktur
#T_SP=webanno.custom.StrukturTAP|TAPArgumente


1-1	0-6	Meiner	1. Richtig[1]	1. Angemessen[1]	1. Verständlich[1]	Jahresertrag/Energiedichte Vorhanden[1]	Lebensdauer/Verfügbarkeit vorhanden[1]	*[1]	*[1]	*[1]	*[1]	*[1]	Unklar A[1]	Contra B[1]	Contra C[1]	1. Trade-off[4]	Gesamtthese[4]	Hauptteil[5]	1. Claim[6]	
1-2	7-14	Meinung	1. Richtig[1]	1. Angemessen[1]	1. Verständlich[1]	Jahresertrag/Energiedichte Vorhanden[1]	Lebensdauer/Verfügbarkeit vorhanden[1]	*[1]	*[1]	*[1]	*[1]	*[1]	Unklar A[1]	Contra B[1]	Contra C[1]	1. Trade-off[4]	Gesamtthese[4]	Hauptteil[5]	1. Claim[6]	
1-3	15-19	nach	1. Richtig[1]	1. Angemessen[1]	1. Verständlich[1]	Jahresertrag/Energiedichte Vorhanden[1]	Lebensdauer/Verfügbarkeit vorhanden[1]	*[1]	*[1]	*[1]	*[1]	*[1]	Unklar A[1]	Contra B[1]	Contra C[1]	1. Trade-off[4]	Gesamtthese[4]	Hauptteil[5]	1. Claim[6]	
1-4	20-24	sind	1. Richtig[1]	1. Angemessen[1]	1. Verständlich[1]	Jahresertrag/Energiedichte Vorhanden[1]	Lebensdauer/Verfügbarkeit vorhanden[1]	*[1]	*[1]	*[1]	*[1]	*[1]	Unklar A[1]	Contra B[1]	Contra C[1]	1. Trade-off[4]	Gesamtthese[4]	Hauptteil[5]	1. Claim[6]	
1-5	25-43	Wasserkraftanlagen	1. Richtig[1]	1. Angemessen[1]	1. Verständlich[1]	Jahresertrag/Energiedichte Vorhanden[1]	Lebensdauer/Verfügbarkeit vorhanden[1]	*[1]	*[1]	*[1]	*[1]	*[1]	Unklar A[1]	Contra B[1]	Contra C[1]	1. Trade-off[4]	Gesamtthese[4]	Hauptteil[5]	1. Claim[6]	
1-6	44-54	effektiver	1. Richtig[1]	1. Angemessen[1]	1. Verständlich[1]	Jahresertrag/Energiedichte Vorhanden[1]	Lebensdauer/Verfügbarkeit vorhanden[1]	*[1]	*[1]	*[1]	*[1]	*[1]	Unklar A[1]	Contra B[1]	Contra C[1]	1. Trade-off[4]	Gesamtthese[4]	Hauptteil[5]	1. Claim[6]	
1-7	55-57	da	1. Richtig[1]	1. Angemessen[1]	1. Verständlich[1]	Jahresertrag/Energiedichte Vorhanden[1]	Lebensdauer/Verfügbarkeit vorhanden[1]	*[1]	*[1]	*[1]	*[1]	*[1]	Unklar A[1]	Contra B[1]	Contra C[1]	1. Trade-off[4]	Gesamtthese[4]	Hauptteil[5]	2. Data[7]	
1-8	58-63	diese	1. Richtig[1]	1. Angemessen[1]	1. Verständlich[1]	Jahresertrag/Energiedichte Vorhanden[1]	Lebensdauer/Verfügbarkeit vorhanden[1]	*[1]	*[1]	*[1]	*[1]	*[1]	Unklar A[1]	Contra B[1]	Contra C[1]	1. Trade-off[4]	Gesamtthese[4]	Hauptteil[5]	2. Data[7]	
1-9	64-68	zwar	1. Richtig[1]	1. Angemessen[1]	1. Verständlich[1]	Jahresertrag/Energiedichte Vorhanden[1]	Lebensdauer/Verfügbarkeit vorhanden[1]	*[1]	*[1]	*[1]	*[1]	*[1]	Unklar A[1]	Contra B[1]	Contra C[1]	1. Trade-off[4]	Gesamtthese[4]	Hauptteil[5]	2. Data[7]	
1-10	69-74	etwas	1. Richtig[1]	1. Angemessen[1]	1. Verständlich[1]	Jahresertrag/Energiedichte Vorhanden[1]	Lebensdauer/Verfügbarkeit vorhanden[1]	*[1]	*[1]	*[1]	*[1]	*[1]	Unklar A[1]	Contra B[1]	Contra C[1]	1. Trade-off[4]	Gesamtthese[4]	Hauptteil[5]	2. Data[7]	
1-11	75-82	weniger	1. Richtig[1]	1. Angemessen[1]	1. Verständlich[1]	Jahresertrag/Energiedichte Vorhanden[1]	Lebensdauer/Verfügbarkeit vorhanden[1]	*[1]	*[1]	*[1]	*[1]	*[1]	Unklar A[1]	Contra B[1]	Contra C[1]	1. Trade-off[4]	Gesamtthese[4]	Hauptteil[5]	2. Data[7]	
1-12	83-93	produktive	1. Richtig[1]	1. Angemessen[1]	1. Verständlich[1]	Jahresertrag/Energiedichte Vorhanden[1]	Lebensdauer/Verfügbarkeit vorhanden[1]	*[1]	*[1]	*[1]	*[1]	*[1]	Unklar A[1]	Contra B[1]	Contra C[1]	1. Trade-off[4]	Gesamtthese[4]	Hauptteil[5]	2. Data[7]	
1-13	94-97	als	1. Richtig[1]	1. Angemessen[1]	1. Verständlich[1]	Jahresertrag/Energiedichte Vorhanden[1]	Lebensdauer/Verfügbarkeit vorhanden[1]	*[1]	*[1]	*[1]	*[1]	*[1]	Unklar A[1]	Contra B[1]	Contra C[1]	1. Trade-off[4]	Gesamtthese[4]	Hauptteil[5]	2. Data[7]	
1-14	98-107	Windparks	1. Richtig[1]	1. Angemessen[1]	1. Verständlich[1]	Jahresertrag/Energiedichte Vorhanden[1]	Lebensdauer/Verfügbarkeit vorhanden[1]	*[1]	*[1]	*[1]	*[1]	*[1]	Unklar A[1]	Contra B[1]	Contra C[1]	1. Trade-off[4]	Gesamtthese[4]	Hauptteil[5]	2. Data[7]	
1-15	108-113	leben	1. Richtig[1]	1. Angemessen[1]	1. Verständlich[1]	Jahresertrag/Energiedichte Vorhanden[1]	Lebensdauer/Verfügbarkeit vorhanden[1]	*[1]	*[1]	*[1]	*[1]	*[1]	Unklar A[1]	Contra B[1]	Contra C[1]	1. Trade-off[4]	Gesamtthese[4]	Hauptteil[5]	4. Rebuttal[8]	
1-16	114-120	ddafür	1. Richtig[1]	1. Angemessen[1]	1. Verständlich[1]	Jahresertrag/Energiedichte Vorhanden[1]	Lebensdauer/Verfügbarkeit vorhanden[1]	*[1]	*[1]	*[1]	*[1]	*[1]	Unklar A[1]	Contra B[1]	Contra C[1]	1. Trade-off[4]	Gesamtthese[4]	Hauptteil[5]	4. Rebuttal[8]	
1-17	121-125	aber	1. Richtig[1]	1. Angemessen[1]	1. Verständlich[1]	Jahresertrag/Energiedichte Vorhanden[1]	Lebensdauer/Verfügbarkeit vorhanden[1]	*[1]	*[1]	*[1]	*[1]	*[1]	Unklar A[1]	Contra B[1]	Contra C[1]	1. Trade-off[4]	Gesamtthese[4]	Hauptteil[5]	4. Rebuttal[8]	
1-18	126-130	vier	1. Richtig[1]	1. Angemessen[1]	1. Verständlich[1]	Jahresertrag/Energiedichte Vorhanden[1]	Lebensdauer/Verfügbarkeit vorhanden[1]	*[1]	*[1]	*[1]	*[1]	*[1]	Unklar A[1]	Contra B[1]	Contra C[1]	1. Trade-off[4]	Gesamtthese[4]	Hauptteil[5]	4. Rebuttal[8]	
1-19	131-134	mal	1. Richtig[1]	1. Angemessen[1]	1. Verständlich[1]	Jahresertrag/Energiedichte Vorhanden[1]	Lebensdauer/Verfügbarkeit vorhanden[1]	*[1]	*[1]	*[1]	*[1]	*[1]	Unklar A[1]	Contra B[1]	Contra C[1]	1. Trade-off[4]	Gesamtthese[4]	Hauptteil[5]	4. Rebuttal[8]	
1-20	135-141	länger	1. Richtig[1]	1. Angemessen[1]	1. Verständlich[1]	Jahresertrag/Energiedichte Vorhanden[1]	Lebensdauer/Verfügbarkeit vorhanden[1]	*[1]	*[1]	*[1]	*[1]	*[1]	Unklar A[1]	Contra B[1]	Contra C[1]	1. Trade-off[4]	Gesamtthese[4]	Hauptteil[5]	4. Rebuttal[8]	
1-21	141-142	.	1. Richtig[1]	1. Angemessen[1]	1. Verständlich[1]	Jahresertrag/Energiedichte Vorhanden[1]	Lebensdauer/Verfügbarkeit vorhanden[1]	*[1]	*[1]	*[1]	*[1]	*[1]	Unklar A[1]	Contra B[1]	Contra C[1]	1. Trade-off[4]	Gesamtthese[4]	Hauptteil[5]	4. Rebuttal[8]	

2-1	144-146	Da	1. Richtig[1]	1. Angemessen[1]	1. Verständlich[1]	Jahresertrag/Energiedichte Vorhanden[1]	Lebensdauer/Verfügbarkeit vorhanden[1]	*[1]	*[1]	*[1]	*[1]	*[1]	Unklar A[1]	Contra B[1]	Contra C[1]	_	_	Hauptteil[5]	2. Data[9]	
2-2	147-149	im	1. Richtig[1]	1. Angemessen[1]	1. Verständlich[1]	Jahresertrag/Energiedichte Vorhanden[1]	Lebensdauer/Verfügbarkeit vorhanden[1]	*[1]	*[1]	*[1]	*[1]	*[1]	Unklar A[1]	Contra B[1]	Contra C[1]	_	_	Hauptteil[5]	2. Data[9]	
2-3	150-159	gegensatz	1. Richtig[1]	1. Angemessen[1]	1. Verständlich[1]	Jahresertrag/Energiedichte Vorhanden[1]	Lebensdauer/Verfügbarkeit vorhanden[1]	*[1]	*[1]	*[1]	*[1]	*[1]	Unklar A[1]	Contra B[1]	Contra C[1]	_	_	Hauptteil[5]	2. Data[9]	
2-4	160-169	Windparks	1. Richtig[1]	1. Angemessen[1]	1. Verständlich[1]	Jahresertrag/Energiedichte Vorhanden[1]	Lebensdauer/Verfügbarkeit vorhanden[1]	*[1]	*[1]	*[1]	*[1]	*[1]	Unklar A[1]	Contra B[1]	Contra C[1]	_	_	Hauptteil[5]	2. Data[9]	
2-5	170-172	20	1. Richtig[1]	1. Angemessen[1]	1. Verständlich[1]	Jahresertrag/Energiedichte Vorhanden[1]	Lebensdauer/Verfügbarkeit vorhanden[1]	*[1]	*[1]	*[1]	*[1]	*[1]	Unklar A[1]	Contra B[1]	Contra C[1]	_	_	Hauptteil[5]	2. Data[9]	
2-6	173-178	Jahre	1. Richtig[1]	1. Angemessen[1]	1. Verständlich[1]	Jahresertrag/Energiedichte Vorhanden[1]	Lebensdauer/Verfügbarkeit vorhanden[1]	*[1]	*[1]	*[1]	*[1]	*[1]	Unklar A[1]	Contra B[1]	Contra C[1]	_	_	Hauptteil[5]	2. Data[9]	
2-7	179-182	und	1. Richtig[1]	1. Angemessen[1]	1. Verständlich[1]	Jahresertrag/Energiedichte Vorhanden[1]	Lebensdauer/Verfügbarkeit vorhanden[1]	*[1]	*[1]	*[1]	*[1]	*[1]	Unklar A[1]	Contra B[1]	Contra C[1]	_	_	Hauptteil[5]	2. Data[10]	
2-8	183-193	Solarparks	1. Richtig[1]	1. Angemessen[1]	1. Verständlich[1]	Jahresertrag/Energiedichte Vorhanden[1]	Lebensdauer/Verfügbarkeit vorhanden[1]	*[1]	*[1]	*[1]	*[1]	*[1]	Unklar A[1]	Contra B[1]	Contra C[1]	_	_	Hauptteil[5]	2. Data[10]	
2-9	194-196	30	1. Richtig[1]	1. Angemessen[1]	1. Verständlich[1]	Jahresertrag/Energiedichte Vorhanden[1]	Lebensdauer/Verfügbarkeit vorhanden[1]	*[1]	*[1]	*[1]	*[1]	*[1]	Unklar A[1]	Contra B[1]	Contra C[1]	_	_	Hauptteil[5]	2. Data[10]	
2-10	197-202	Jahre	1. Richtig[1]	1. Angemessen[1]	1. Verständlich[1]	Jahresertrag/Energiedichte Vorhanden[1]	Lebensdauer/Verfügbarkeit vorhanden[1]	*[1]	*[1]	*[1]	*[1]	*[1]	Unklar A[1]	Contra B[1]	Contra C[1]	_	_	Hauptteil[5]	2. Data[10]	
2-11	203-207	lang	1. Richtig[1]	1. Angemessen[1]	1. Verständlich[1]	Jahresertrag/Energiedichte Vorhanden[1]	Lebensdauer/Verfügbarkeit vorhanden[1]	*[1]	*[1]	*[1]	*[1]	*[1]	Unklar A[1]	Contra B[1]	Contra C[1]	_	_	Hauptteil[5]	2. Data[10]	
2-12	208-216	bestehen	1. Richtig[1]	1. Angemessen[1]	1. Verständlich[1]	Jahresertrag/Energiedichte Vorhanden[1]	Lebensdauer/Verfügbarkeit vorhanden[1]	*[1]	*[1]	*[1]	*[1]	*[1]	Unklar A[1]	Contra B[1]	Contra C[1]	_	_	Hauptteil[5]	2. Data[10]	
2-13	216-217	.	1. Richtig[1]	1. Angemessen[1]	1. Verständlich[1]	Jahresertrag/Energiedichte Vorhanden[1]	Lebensdauer/Verfügbarkeit vorhanden[1]	*[1]	*[1]	*[1]	*[1]	*[1]	Unklar A[1]	Contra B[1]	Contra C[1]	_	_	Hauptteil[5]	2. Data[10]	

3-1	219-222	Das	1. Richtig[1]	1. Angemessen[1]	1. Verständlich[1]	Jahresertrag/Energiedichte Vorhanden[1]	Lebensdauer/Verfügbarkeit vorhanden[1]	*[1]	*[1]	*[1]	*[1]	*[1]	Unklar A[1]	Contra B[1]	Contra C[1]	_	_	Hauptteil[5]	2. Data[11]	
3-2	223-230	problem	1. Richtig[1]	1. Angemessen[1]	1. Verständlich[1]	Jahresertrag/Energiedichte Vorhanden[1]	Lebensdauer/Verfügbarkeit vorhanden[1]	*[1]	*[1]	*[1]	*[1]	*[1]	Unklar A[1]	Contra B[1]	Contra C[1]	_	_	Hauptteil[5]	2. Data[11]	
3-3	231-234	bei	1. Richtig[1]	1. Angemessen[1]	1. Verständlich[1]	Jahresertrag/Energiedichte Vorhanden[1]	Lebensdauer/Verfügbarkeit vorhanden[1]	*[1]	*[1]	*[1]	*[1]	*[1]	Unklar A[1]	Contra B[1]	Contra C[1]	_	_	Hauptteil[5]	2. Data[11]	
3-4	235-238	den	1. Richtig[1]	1. Angemessen[1]	1. Verständlich[1]	Jahresertrag/Energiedichte Vorhanden[1]	Lebensdauer/Verfügbarkeit vorhanden[1]	*[1]	*[1]	*[1]	*[1]	*[1]	Unklar A[1]	Contra B[1]	Contra C[1]	_	_	Hauptteil[5]	2. Data[11]	
3-5	239-249	Solarparks	1. Richtig[1]	1. Angemessen[1]	1. Verständlich[1]	Jahresertrag/Energiedichte Vorhanden[1]	Lebensdauer/Verfügbarkeit vorhanden[1]	*[1]	*[1]	*[1]	*[1]	*[1]	Unklar A[1]	Contra B[1]	Contra C[1]	_	_	Hauptteil[5]	2. Data[11]	
3-6	250-253	ist	1. Richtig[1]	1. Angemessen[1]	1. Verständlich[1]	Jahresertrag/Energiedichte Vorhanden[1]	Lebensdauer/Verfügbarkeit vorhanden[1]	*[1]	*[1]	*[1]	*[1]	*[1]	Unklar A[1]	Contra B[1]	Contra C[1]	_	_	Hauptteil[5]	2. Data[11]	
3-7	254-257	die	1. Richtig[1]	1. Angemessen[1]	1. Verständlich[1]	Jahresertrag/Energiedichte Vorhanden[1]	Lebensdauer/Verfügbarkeit vorhanden[1]	*[1]	*[1]	*[1]	*[1]	*[1]	Unklar A[1]	Contra B[1]	Contra C[1]	_	_	Hauptteil[5]	2. Data[11]	
3-8	258-265	geringe	1. Richtig[1]	1. Angemessen[1]	1. Verständlich[1]	Jahresertrag/Energiedichte Vorhanden[1]	Lebensdauer/Verfügbarkeit vorhanden[1]	*[1]	*[1]	*[1]	*[1]	*[1]	Unklar A[1]	Contra B[1]	Contra C[1]	_	_	Hauptteil[5]	2. Data[11]	
3-9	266-281	Produktionsrate	1. Richtig[1]	1. Angemessen[1]	1. Verständlich[1]	Jahresertrag/Energiedichte Vorhanden[1]	Lebensdauer/Verfügbarkeit vorhanden[1]	*[1]	*[1]	*[1]	*[1]	*[1]	Unklar A[1]	Contra B[1]	Contra C[1]	_	_	Hauptteil[5]	2. Data[11]	
3-10	281-282	,	1. Richtig[1]	1. Angemessen[1]	1. Verständlich[1]	Jahresertrag/Energiedichte Vorhanden[1]	Lebensdauer/Verfügbarkeit vorhanden[1]	*[1]	*[1]	*[1]	*[1]	*[1]	Unklar A[1]	Contra B[1]	Contra C[1]	_	_	Hauptteil[5]	2. Data[11]	
3-11	282-287	sowie	1. Richtig[1]	1. Angemessen[1]	1. Verständlich[1]	Jahresertrag/Energiedichte Vorhanden[1]	Lebensdauer/Verfügbarkeit vorhanden[1]	*[1]	*[1]	*[1]	*[1]	*[1]	Unklar A[1]	Contra B[1]	Contra C[1]	_	_	Hauptteil[5]	2. Data[12]	
3-12	288-291	das	1. Richtig[1]	1. Angemessen[1]	1. Verständlich[1]	Jahresertrag/Energiedichte Vorhanden[1]	Lebensdauer/Verfügbarkeit vorhanden[1]	*[1]	*[1]	*[1]	*[1]	*[1]	Unklar A[1]	Contra B[1]	Contra C[1]	_	_	Hauptteil[5]	2. Data[12]	
3-13	292-299	geringe	1. Richtig[1]	1. Angemessen[1]	1. Verständlich[1]	Jahresertrag/Energiedichte Vorhanden[1]	Lebensdauer/Verfügbarkeit vorhanden[1]	*[1]	*[1]	*[1]	*[1]	*[1]	Unklar A[1]	Contra B[1]	Contra C[1]	_	_	Hauptteil[5]	2. Data[12]	
3-14	300-305	alter	1. Richtig[1]	1. Angemessen[1]	1. Verständlich[1]	Jahresertrag/Energiedichte Vorhanden[1]	Lebensdauer/Verfügbarkeit vorhanden[1]	*[1]	*[1]	*[1]	*[1]	*[1]	Unklar A[1]	Contra B[1]	Contra C[1]	_	_	Hauptteil[5]	2. Data[12]	
3-15	305-306	.	1. Richtig[1]	1. Angemessen[1]	1. Verständlich[1]	Jahresertrag/Energiedichte Vorhanden[1]	Lebensdauer/Verfügbarkeit vorhanden[1]	*[1]	*[1]	*[1]	*[1]	*[1]	Unklar A[1]	Contra B[1]	Contra C[1]	_	_	Hauptteil[5]	2. Data[12]	

4-1	308-316	Außerdem	2. Falsch[2]	2. Unangemessen[2]	1. Verständlich[2]	*[2]	Lebensdauer/Verfügbarkeit vorhanden[2]	*[2]	*[2]	*[2]	Treibhausgasemissionen vorhanden[2]	*[2]	Unklar A[2]	*[2]	Unklar C[2]	_	_	Hauptteil[5]	1. Claim[13]	
4-2	317-322	Haben	2. Falsch[2]	2. Unangemessen[2]	1. Verständlich[2]	*[2]	Lebensdauer/Verfügbarkeit vorhanden[2]	*[2]	*[2]	*[2]	Treibhausgasemissionen vorhanden[2]	*[2]	Unklar A[2]	*[2]	Unklar C[2]	_	_	Hauptteil[5]	1. Claim[13]	
4-3	323-326	die	2. Falsch[2]	2. Unangemessen[2]	1. Verständlich[2]	*[2]	Lebensdauer/Verfügbarkeit vorhanden[2]	*[2]	*[2]	*[2]	Treibhausgasemissionen vorhanden[2]	*[2]	Unklar A[2]	*[2]	Unklar C[2]	_	_	Hauptteil[5]	1. Claim[13]	
4-4	327-343	Wasserkraftwerke	2. Falsch[2]	2. Unangemessen[2]	1. Verständlich[2]	*[2]	Lebensdauer/Verfügbarkeit vorhanden[2]	*[2]	*[2]	*[2]	Treibhausgasemissionen vorhanden[2]	*[2]	Unklar A[2]	*[2]	Unklar C[2]	_	_	Hauptteil[5]	1. Claim[13]	
4-5	344-347	die	2. Falsch[2]	2. Unangemessen[2]	1. Verständlich[2]	*[2]	Lebensdauer/Verfügbarkeit vorhanden[2]	*[2]	*[2]	*[2]	Treibhausgasemissionen vorhanden[2]	*[2]	Unklar A[2]	*[2]	Unklar C[2]	_	_	Hauptteil[5]	1. Claim[13]	
4-6	348-354	Größte	2. Falsch[2]	2. Unangemessen[2]	1. Verständlich[2]	*[2]	Lebensdauer/Verfügbarkeit vorhanden[2]	*[2]	*[2]	*[2]	Treibhausgasemissionen vorhanden[2]	*[2]	Unklar A[2]	*[2]	Unklar C[2]	_	_	Hauptteil[5]	1. Claim[13]	
4-7	355-372	Treibhausemission	2. Falsch[2]	2. Unangemessen[2]	1. Verständlich[2]	*[2]	Lebensdauer/Verfügbarkeit vorhanden[2]	*[2]	*[2]	*[2]	Treibhausgasemissionen vorhanden[2]	*[2]	Unklar A[2]	*[2]	Unklar C[2]	_	_	Hauptteil[5]	1. Claim[13]	
4-8	373-376	was	2. Falsch[2]	2. Unangemessen[2]	1. Verständlich[2]	*[2]	Lebensdauer/Verfügbarkeit vorhanden[2]	*[2]	*[2]	*[2]	Treibhausgasemissionen vorhanden[2]	*[2]	Unklar A[2]	*[2]	Unklar C[2]	_	_	Hauptteil[5]	1. Claim[13]	
4-9	377-381	zwar	2. Falsch[2]	2. Unangemessen[2]	1. Verständlich[2]	*[2]	Lebensdauer/Verfügbarkeit vorhanden[2]	*[2]	*[2]	*[2]	Treibhausgasemissionen vorhanden[2]	*[2]	Unklar A[2]	*[2]	Unklar C[2]	_	_	Hauptteil[5]	1. Claim[13]	
4-10	382-385	ein	2. Falsch[2]	2. Unangemessen[2]	1. Verständlich[2]	*[2]	Lebensdauer/Verfügbarkeit vorhanden[2]	*[2]	*[2]	*[2]	Treibhausgasemissionen vorhanden[2]	*[2]	Unklar A[2]	*[2]	Unklar C[2]	_	_	Hauptteil[5]	1. Claim[13]	
4-11	386-391	Punkt	2. Falsch[2]	2. Unangemessen[2]	1. Verständlich[2]	*[2]	Lebensdauer/Verfügbarkeit vorhanden[2]	*[2]	*[2]	*[2]	Treibhausgasemissionen vorhanden[2]	*[2]	Unklar A[2]	*[2]	Unklar C[2]	_	_	Hauptteil[5]	1. Claim[13]	
4-12	392-394	da	2. Falsch[2]	2. Unangemessen[2]	1. Verständlich[2]	*[2]	Lebensdauer/Verfügbarkeit vorhanden[2]	*[2]	*[2]	*[2]	Treibhausgasemissionen vorhanden[2]	*[2]	Unklar A[2]	*[2]	Unklar C[2]	_	_	Hauptteil[5]	1. Claim[13]	
4-13	395-400	gegen	2. Falsch[2]	2. Unangemessen[2]	1. Verständlich[2]	*[2]	Lebensdauer/Verfügbarkeit vorhanden[2]	*[2]	*[2]	*[2]	Treibhausgasemissionen vorhanden[2]	*[2]	Unklar A[2]	*[2]	Unklar C[2]	_	_	Hauptteil[5]	1. Claim[13]	
4-14	401-404	ist	2. Falsch[2]	2. Unangemessen[2]	1. Verständlich[2]	*[2]	Lebensdauer/Verfügbarkeit vorhanden[2]	*[2]	*[2]	*[2]	Treibhausgasemissionen vorhanden[2]	*[2]	Unklar A[2]	*[2]	Unklar C[2]	_	_	Hauptteil[5]	1. Claim[13]	
4-15	405-409	sich	2. Falsch[2]	2. Unangemessen[2]	1. Verständlich[2]	*[2]	Lebensdauer/Verfügbarkeit vorhanden[2]	*[2]	*[2]	*[2]	Treibhausgasemissionen vorhanden[2]	*[2]	Unklar A[2]	*[2]	Unklar C[2]	_	_	Hauptteil[5]	2. Data[14]	
4-16	410-414	aber	2. Falsch[2]	2. Unangemessen[2]	1. Verständlich[2]	*[2]	Lebensdauer/Verfügbarkeit vorhanden[2]	*[2]	*[2]	*[2]	Treibhausgasemissionen vorhanden[2]	*[2]	Unklar A[2]	*[2]	Unklar C[2]	_	_	Hauptteil[5]	2. Data[14]	
4-17	415-423	trotzdem	2. Falsch[2]	2. Unangemessen[2]	1. Verständlich[2]	*[2]	Lebensdauer/Verfügbarkeit vorhanden[2]	*[2]	*[2]	*[2]	Treibhausgasemissionen vorhanden[2]	*[2]	Unklar A[2]	*[2]	Unklar C[2]	_	_	Hauptteil[5]	2. Data[14]	
4-18	424-426	in	2. Falsch[2]	2. Unangemessen[2]	1. Verständlich[2]	*[2]	Lebensdauer/Verfügbarkeit vorhanden[2]	*[2]	*[2]	*[2]	Treibhausgasemissionen vorhanden[2]	*[2]	Unklar A[2]	*[2]	Unklar C[2]	_	_	Hauptteil[5]	2. Data[14]	
4-19	427-430	den	2. Falsch[2]	2. Unangemessen[2]	1. Verständlich[2]	*[2]	Lebensdauer/Verfügbarkeit vorhanden[2]	*[2]	*[2]	*[2]	Treibhausgasemissionen vorhanden[2]	*[2]	Unklar A[2]	*[2]	Unklar C[2]	_	_	Hauptteil[5]	2. Data[14]	
4-20	431-433	80	2. Falsch[2]	2. Unangemessen[2]	1. Verständlich[2]	*[2]	Lebensdauer/Verfügbarkeit vorhanden[2]	*[2]	*[2]	*[2]	Treibhausgasemissionen vorhanden[2]	*[2]	Unklar A[2]	*[2]	Unklar C[2]	_	_	Hauptteil[5]	2. Data[14]	
4-21	434-440	Jahren	2. Falsch[2]	2. Unangemessen[2]	1. Verständlich[2]	*[2]	Lebensdauer/Verfügbarkeit vorhanden[2]	*[2]	*[2]	*[2]	Treibhausgasemissionen vorhanden[2]	*[2]	Unklar A[2]	*[2]	Unklar C[2]	_	_	Hauptteil[5]	2. Data[14]	
4-22	441-449	auszahlt	2. Falsch[2]	2. Unangemessen[2]	1. Verständlich[2]	*[2]	Lebensdauer/Verfügbarkeit vorhanden[2]	*[2]	*[2]	*[2]	Treibhausgasemissionen vorhanden[2]	*[2]	Unklar A[2]	*[2]	Unklar C[2]	_	_	Hauptteil[5]	2. Data[14]	
4-23	449-450	.	2. Falsch[2]	2. Unangemessen[2]	1. Verständlich[2]	*[2]	Lebensdauer/Verfügbarkeit vorhanden[2]	*[2]	*[2]	*[2]	Treibhausgasemissionen vorhanden[2]	*[2]	Unklar A[2]	*[2]	Unklar C[2]	_	_	Hauptteil[5]	2. Data[14]	

5-1	452-455	Das	3. Nicht zutreffend[3]	3. Nicht zutreffend[3]	1. Verständlich[3]	*[3]	*[3]	*[3]	*[3]	Sonstiges vorhanden[3]	*[3]	*[3]	Contra A[3]	*[3]	*[3]	_	_	Hauptteil[5]	1. Claim[15]	
5-2	456-471	wasserkraftwerk	3. Nicht zutreffend[3]	3. Nicht zutreffend[3]	1. Verständlich[3]	*[3]	*[3]	*[3]	*[3]	Sonstiges vorhanden[3]	*[3]	*[3]	Contra A[3]	*[3]	*[3]	_	_	Hauptteil[5]	1. Claim[15]	
5-3	472-477	nimmt	3. Nicht zutreffend[3]	3. Nicht zutreffend[3]	1. Verständlich[3]	*[3]	*[3]	*[3]	*[3]	Sonstiges vorhanden[3]	*[3]	*[3]	Contra A[3]	*[3]	*[3]	_	_	Hauptteil[5]	1. Claim[15]	
5-4	478-482	aber	3. Nicht zutreffend[3]	3. Nicht zutreffend[3]	1. Verständlich[3]	*[3]	*[3]	*[3]	*[3]	Sonstiges vorhanden[3]	*[3]	*[3]	Contra A[3]	*[3]	*[3]	_	_	Hauptteil[5]	1. Claim[15]	
5-5	483-491	trotzdem	3. Nicht zutreffend[3]	3. Nicht zutreffend[3]	1. Verständlich[3]	*[3]	*[3]	*[3]	*[3]	Sonstiges vorhanden[3]	*[3]	*[3]	Contra A[3]	*[3]	*[3]	_	_	Hauptteil[5]	1. Claim[15]	
5-6	492-494	zu	3. Nicht zutreffend[3]	3. Nicht zutreffend[3]	1. Verständlich[3]	*[3]	*[3]	*[3]	*[3]	Sonstiges vorhanden[3]	*[3]	*[3]	Contra A[3]	*[3]	*[3]	_	_	Hauptteil[5]	1. Claim[15]	
5-7	495-499	viel	3. Nicht zutreffend[3]	3. Nicht zutreffend[3]	1. Verständlich[3]	*[3]	*[3]	*[3]	*[3]	Sonstiges vorhanden[3]	*[3]	*[3]	Contra A[3]	*[3]	*[3]	_	_	Hauptteil[5]	1. Claim[15]	
5-8	500-505	platz	3. Nicht zutreffend[3]	3. Nicht zutreffend[3]	1. Verständlich[3]	*[3]	*[3]	*[3]	*[3]	Sonstiges vorhanden[3]	*[3]	*[3]	Contra A[3]	*[3]	*[3]	_	_	Hauptteil[5]	1. Claim[15]	
5-9	506-509	ein	3. Nicht zutreffend[3]	3. Nicht zutreffend[3]	1. Verständlich[3]	*[3]	*[3]	*[3]	*[3]	Sonstiges vorhanden[3]	*[3]	*[3]	Contra A[3]	*[3]	*[3]	_	_	Hauptteil[5]	1. Claim[15]	
5-10	510-513	und	3. Nicht zutreffend[3]	3. Nicht zutreffend[3]	1. Verständlich[3]	*[3]	*[3]	*[3]	*[3]	Sonstiges vorhanden[3]	*[3]	*[3]	Contra A[3]	*[3]	*[3]	_	_	Hauptteil[5]	1. Claim[16]	
5-11	514-521	braucht	3. Nicht zutreffend[3]	3. Nicht zutreffend[3]	1. Verständlich[3]	*[3]	*[3]	*[3]	*[3]	Sonstiges vorhanden[3]	*[3]	*[3]	Contra A[3]	*[3]	*[3]	_	_	Hauptteil[5]	1. Claim[16]	
5-12	522-524	zu	3. Nicht zutreffend[3]	3. Nicht zutreffend[3]	1. Verständlich[3]	*[3]	*[3]	*[3]	*[3]	Sonstiges vorhanden[3]	*[3]	*[3]	Contra A[3]	*[3]	*[3]	_	_	Hauptteil[5]	1. Claim[16]	
5-13	525-530	lange	3. Nicht zutreffend[3]	3. Nicht zutreffend[3]	1. Verständlich[3]	*[3]	*[3]	*[3]	*[3]	Sonstiges vorhanden[3]	*[3]	*[3]	Contra A[3]	*[3]	*[3]	_	_	Hauptteil[5]	1. Claim[16]	
5-14	531-533	um	3. Nicht zutreffend[3]	3. Nicht zutreffend[3]	1. Verständlich[3]	*[3]	*[3]	*[3]	*[3]	Sonstiges vorhanden[3]	*[3]	*[3]	Contra A[3]	*[3]	*[3]	_	_	Hauptteil[5]	1. Claim[16]	
5-15	534-540	gebaut	3. Nicht zutreffend[3]	3. Nicht zutreffend[3]	1. Verständlich[3]	*[3]	*[3]	*[3]	*[3]	Sonstiges vorhanden[3]	*[3]	*[3]	Contra A[3]	*[3]	*[3]	_	_	Hauptteil[5]	1. Claim[16]	
5-16	541-543	zu	3. Nicht zutreffend[3]	3. Nicht zutreffend[3]	1. Verständlich[3]	*[3]	*[3]	*[3]	*[3]	Sonstiges vorhanden[3]	*[3]	*[3]	Contra A[3]	*[3]	*[3]	_	_	Hauptteil[5]	1. Claim[16]	
5-17	544-550	werden	3. Nicht zutreffend[3]	3. Nicht zutreffend[3]	1. Verständlich[3]	*[3]	*[3]	*[3]	*[3]	Sonstiges vorhanden[3]	*[3]	*[3]	Contra A[3]	*[3]	*[3]	_	_	Hauptteil[5]	1. Claim[16]	
5-18	550-551	.	3. Nicht zutreffend[3]	3. Nicht zutreffend[3]	1. Verständlich[3]	*[3]	*[3]	*[3]	*[3]	Sonstiges vorhanden[3]	*[3]	*[3]	Contra A[3]	*[3]	*[3]	_	_	Hauptteil[5]	1. Claim[16]	

6-1	553-564	Einweiteres	3. Nicht zutreffend[3]	3. Nicht zutreffend[3]	1. Verständlich[3]	*[3]	*[3]	*[3]	*[3]	Sonstiges vorhanden[3]	*[3]	*[3]	Contra A[3]	*[3]	*[3]	_	_	Hauptteil[5]	1. Claim[17]	
6-2	565-572	Problem	3. Nicht zutreffend[3]	3. Nicht zutreffend[3]	1. Verständlich[3]	*[3]	*[3]	*[3]	*[3]	Sonstiges vorhanden[3]	*[3]	*[3]	Contra A[3]	*[3]	*[3]	_	_	Hauptteil[5]	1. Claim[17]	
6-3	573-576	ist	3. Nicht zutreffend[3]	3. Nicht zutreffend[3]	1. Verständlich[3]	*[3]	*[3]	*[3]	*[3]	Sonstiges vorhanden[3]	*[3]	*[3]	Contra A[3]	*[3]	*[3]	_	_	Hauptteil[5]	1. Claim[17]	
6-4	577-580	das	3. Nicht zutreffend[3]	3. Nicht zutreffend[3]	1. Verständlich[3]	*[3]	*[3]	*[3]	*[3]	Sonstiges vorhanden[3]	*[3]	*[3]	Contra A[3]	*[3]	*[3]	_	_	Hauptteil[5]	1. Claim[17]	
6-5	581-584	die	3. Nicht zutreffend[3]	3. Nicht zutreffend[3]	1. Verständlich[3]	*[3]	*[3]	*[3]	*[3]	Sonstiges vorhanden[3]	*[3]	*[3]	Contra A[3]	*[3]	*[3]	_	_	Hauptteil[5]	1. Claim[17]	
6-6	585-595	Kraftwerke	3. Nicht zutreffend[3]	3. Nicht zutreffend[3]	1. Verständlich[3]	*[3]	*[3]	*[3]	*[3]	Sonstiges vorhanden[3]	*[3]	*[3]	Contra A[3]	*[3]	*[3]	_	_	Hauptteil[5]	1. Claim[17]	
6-7	596-601	nicht	3. Nicht zutreffend[3]	3. Nicht zutreffend[3]	1. Verständlich[3]	*[3]	*[3]	*[3]	*[3]	Sonstiges vorhanden[3]	*[3]	*[3]	Contra A[3]	*[3]	*[3]	_	_	Hauptteil[5]	1. Claim[17]	
6-8	602-604	in	3. Nicht zutreffend[3]	3. Nicht zutreffend[3]	1. Verständlich[3]	*[3]	*[3]	*[3]	*[3]	Sonstiges vorhanden[3]	*[3]	*[3]	Contra A[3]	*[3]	*[3]	_	_	Hauptteil[5]	1. Claim[17]	
6-9	605-611	Massen	3. Nicht zutreffend[3]	3. Nicht zutreffend[3]	1. Verständlich[3]	*[3]	*[3]	*[3]	*[3]	Sonstiges vorhanden[3]	*[3]	*[3]	Contra A[3]	*[3]	*[3]	_	_	Hauptteil[5]	1. Claim[17]	
6-10	612-618	gebaut	3. Nicht zutreffend[3]	3. Nicht zutreffend[3]	1. Verständlich[3]	*[3]	*[3]	*[3]	*[3]	Sonstiges vorhanden[3]	*[3]	*[3]	Contra A[3]	*[3]	*[3]	_	_	Hauptteil[5]	1. Claim[17]	
6-11	619-625	werden	3. Nicht zutreffend[3]	3. Nicht zutreffend[3]	1. Verständlich[3]	*[3]	*[3]	*[3]	*[3]	Sonstiges vorhanden[3]	*[3]	*[3]	Contra A[3]	*[3]	*[3]	_	_	Hauptteil[5]	1. Claim[17]	
6-12	626-632	können	3. Nicht zutreffend[3]	3. Nicht zutreffend[3]	1. Verständlich[3]	*[3]	*[3]	*[3]	*[3]	Sonstiges vorhanden[3]	*[3]	*[3]	Contra A[3]	*[3]	*[3]	_	_	Hauptteil[5]	1. Claim[17]	
6-13	632-633	.	3. Nicht zutreffend[3]	3. Nicht zutreffend[3]	1. Verständlich[3]	*[3]	*[3]	*[3]	*[3]	Sonstiges vorhanden[3]	*[3]	*[3]	Contra A[3]	*[3]	*[3]	_	_	Hauptteil[5]	1. Claim[17]	
